,time,band,flux,fluxerr,zp,zpsys,field,ccd,comment
0,58760.48339120019,ztfg,30.7957924218096,44.16361621976522,26.0700865788923,ab,413,44,
1,58760.50901619997,ztfr,108.1599668470544,41.25192023640522,26.1660354341861,ab,413,44,
2,58761.496944400016,ztfr,-17.16684883954894,28.0848404234924,25.958604912295,ab,1457,0,
3,58761.49739579996,ztfr,1.1352830252217216,24.946040828519028,25.9499290828562,ab,1457,0,
4,58764.48525460018,ztfr,-7.072024222078534,26.22469988740392,26.1242013280288,ab,413,44,
5,58764.5087036998,ztfg,8.933654065307966,19.15162782035512,26.1229392442456,ab,413,44,
6,58767.48410880007,ztfg,-28.37507424811919,37.938767336821954,26.0951330512917,ab,413,44,
7,58770.44834489981,ztfr,-28.62032488895635,63.469608235030265,25.9038395549592,ab,1457,0,
8,58770.44879630022,ztfr,-104.701026730181,59.98811393955671,25.9125880300561,ab,1457,0,
9,58770.45754629979,ztfr,46.362404958856715,47.7567217898124,25.9750112794757,ab,1458,13,
10,58770.4579977002,ztfr,2.616615702136746,46.4631670936862,25.9751970346401,ab,1458,13,
11,58770.458449100144,ztfr,-24.96079995127224,50.44246592448107,26.114415784063,ab,413,44,
12,58770.48229169985,ztfr,-122.26254630829719,62.410053277028304,26.1455613941433,ab,413,44,
13,58770.52513890015,ztfg,9.945507947225959,57.517553791679816,26.1669260291482,ab,413,44,
14,58771.454479199834,ztfr,-4.5259273673586184,156.8813048171209,25.9063529928393,ab,1457,0,
15,58771.45493059978,ztfr,111.3184734482798,127.10423054158488,25.9178250255077,ab,1457,0,
16,58771.47446760023,ztfr,404.95746572563684,213.64875179679083,25.9916759105292,ab,1458,13,
17,58771.474919000175,ztfr,138.64662531953527,176.70898525108356,25.9855715932339,ab,1458,13,
18,58771.47537040012,ztfr,-20.993409515740982,151.07208867923447,26.1453855950447,ab,413,44,
19,58775.43923609983,ztfr,11.499322211583046,49.4292581360476,26.1221890709416,ab,413,44,
20,58775.43968749978,ztfr,-52.493266901479544,77.16328970714791,26.1158717887821,ab,413,44,
21,58775.44013890019,ztfr,-12.737949520256848,80.55614855240435,26.1125984768725,ab,413,44,
22,58775.44059030013,ztfr,-0.7424604813216611,56.43532233305324,26.1161526808746,ab,413,44,
23,58775.44105320005,ztfr,17.049720165324803,41.893309812756485,26.1325104570746,ab,413,44,
24,58775.44150459999,ztfr,6.409548194382594,44.78380831780733,26.1349851807892,ab,413,44,
25,58775.44194439985,ztfr,46.47965462555284,49.67165276338467,26.1275007819739,ab,413,44,
26,58775.44240739988,ztfr,-50.13642855821483,46.70816181194003,26.1206868425341,ab,413,44,
27,58775.442858799826,ztfr,86.12895217660486,53.8888488828981,26.1160075634058,ab,413,44,
28,58775.44331019977,ztfr,-33.69887287830509,43.93269808414789,26.114147161849,ab,413,44,
29,58775.44376160018,ztfr,-4.5036948066883795,45.71170953817017,26.1272621412052,ab,413,44,
30,58775.444213000126,ztfr,25.702013688727625,43.52709326257384,26.1240694502851,ab,413,44,
31,58775.44466440007,ztfr,-21.164904078931556,46.86879808331022,26.1344126564724,ab,413,44,
32,58775.4451156999,ztfr,9.302775298585853,45.64944408318859,26.1257815781918,ab,413,44,
33,58775.44556709984,ztfr,-29.765727971733327,45.16205582007821,26.1341201247793,ab,413,44,
34,58775.44601849979,ztfr,-0.7338681558695663,50.352967943866574,26.1322955603189,ab,413,44,
35,58775.44645830011,ztfr,-52.42970298533008,48.55985016452346,26.1229134513734,ab,413,44,
36,58775.44692130014,ztfr,79.90782832282648,45.161593193461485,26.1341086691679,ab,413,44,
37,58775.44737270009,ztfr,20.72924895915949,49.53953919882432,26.1346057204515,ab,413,44,
38,58775.44782410003,ztfr,-32.38015391616427,45.965166061856195,26.1332658849062,ab,413,44,
39,58775.44827549998,ztfr,24.67332716836236,50.730656176558526,26.1304118170143,ab,413,44,
40,58775.44872689992,ztfr,25.69870691606735,46.22122072230255,26.1392983980957,ab,413,44,
41,58775.449178200215,ztfr,62.344399665566335,42.28633184369728,26.132651621961,ab,413,44,
42,58775.450983799994,ztfr,-67.50481109140821,44.421670525562504,26.1361632042541,ab,413,44,
43,58775.45143519994,ztfr,30.922346693647373,41.95487029995269,26.1341021940499,ab,413,44,
44,58775.45233799983,ztfr,-57.0771166603228,52.60338817168606,26.1397808950351,ab,413,44,
45,58775.45278939977,ztfr,-59.30877004346396,45.767743583670146,26.1385882196864,ab,413,44,
46,58775.453240700066,ztfr,75.61385738080301,47.04838266316406,26.138563765933,ab,413,44,
47,58775.45369210001,ztfr,51.54267646913162,43.75041364102488,26.1396221632555,ab,413,44,
48,58775.454143499956,ztfr,-84.32909784625406,46.21147425545957,26.1390681066808,ab,413,44,
49,58775.45458329981,ztfr,-88.30618562937886,47.13391222094204,26.1405358411076,ab,413,44,
50,58775.45503470022,ztfr,-11.104296672546518,42.33312907239153,26.1438486401806,ab,413,44,
51,58775.45548610017,ztfr,35.90578400016551,45.04254752733625,26.1412379173382,ab,413,44,
52,58775.45593750011,ztfr,-26.99556848069707,45.86561460929535,26.1409072578519,ab,413,44,
53,58775.45638890006,ztfr,-6.771815304931127,45.55734911484007,26.143581425634,ab,413,44,
54,58775.4568403,ztfr,91.94377361489843,44.767700974735895,26.1445884148704,ab,413,44,
55,58775.457291699946,ztfr,-20.019499399270543,42.369205215542245,26.1447731062556,ab,413,44,
56,58775.45774309989,ztfr,-13.753449602083872,41.885961218338366,26.1423125955384,ab,413,44,
57,58775.458194400184,ztfr,-34.816930430914596,40.55847810403742,26.1373278780556,ab,413,44,
58,58775.45864580013,ztfr,67.09472714231333,45.56413895484097,26.1437427165185,ab,413,44,
59,58775.45909720007,ztfr,-11.464770185704552,39.76601886351969,26.1458891359864,ab,413,44,
60,58775.45954860002,ztfr,28.24246157902402,41.60173474820221,26.1449148723163,ab,413,44,
61,58775.45999999996,ztfr,0.9026704536163148,41.2309745324743,26.1451898435696,ab,413,44,
62,58775.46045139991,ztfr,-9.230018388830265,40.67298795832019,26.1503863204193,ab,413,44,
63,58775.46090279985,ztfr,-15.551942875763622,44.09176063445399,26.148060471927,ab,413,44,
64,58775.4613541998,ztfr,38.61658880938719,38.72223100321793,26.1469913951105,ab,413,44,
65,58775.46180560021,ztfr,5.366692323481955,39.28942261066751,26.1527872856282,ab,413,44,
66,58775.462256900035,ztfr,23.212700959331826,40.23115714763183,26.1385235349603,ab,413,44,
67,58775.46270829998,ztfr,49.26624016928397,43.00343738598337,26.1509103508973,ab,413,44,
68,58775.463159699924,ztfr,-55.6353770475181,45.09046074704106,26.1423905862722,ab,413,44,
69,58775.46361109987,ztfr,-0.16982194169595743,39.71891043040395,26.1446003391378,ab,413,44,
70,58775.464062499814,ztfr,43.977671717911235,40.723357051972386,26.1517293180853,ab,413,44,
71,58775.464513900224,ztfr,24.56446982170168,38.84298757177399,26.15037200151,ab,413,44,
72,58775.46496530017,ztfr,0.8919169315980486,42.2896105980049,26.1527262372605,ab,413,44,
73,58775.46541670011,ztfr,52.574724461939105,41.19393642898408,26.1542094553003,ab,413,44,
74,58775.46586810006,ztfr,6.667654858755975,38.05772839902298,26.148183863828,ab,413,44,
75,58775.466319399886,ztfr,30.880380637668747,42.52870223579857,26.148851136256,ab,413,44,
76,58775.46678239992,ztfr,17.594257682501418,38.69884041045338,26.1463332982543,ab,413,44,
77,58775.46723379986,ztfr,47.97804716606412,37.40746913702088,26.1494593818818,ab,413,44,
78,58775.46768519981,ztfr,67.41669612615836,38.34305987829062,26.156295583123,ab,413,44,
79,58775.46813660022,ztfr,63.35599398092872,40.57395895434142,26.1577336262819,ab,413,44,
80,58775.46858800016,ztfr,5.416012583123111,43.83782944155742,26.1517835312141,ab,413,44,
81,58775.46903940011,ztfr,3.0542329850941288,40.47709427056567,26.1551374581034,ab,413,44,
82,58775.469479199965,ztfr,-17.836080851588555,41.20350934278044,26.1444633261552,ab,413,44,
83,58775.46993059991,ztfr,-29.035279854121953,40.95493442312708,26.1578858944417,ab,413,44,
84,58775.470393499825,ztfr,6.811317929479527,37.951252585482365,26.1551361685005,ab,413,44,
85,58775.47083330015,ztfr,45.048624404221115,39.7830460520022,26.1563473306812,ab,413,44,
86,58775.47128470009,ztfr,-72.12755121263123,37.3744993169302,26.1584968611499,ab,413,44,
87,58775.47173610004,ztfr,60.35623319114428,41.89296029527534,26.1624846586309,ab,413,44,
88,58775.47219910007,ztfr,-47.59269884454937,40.05262451518936,26.1536843709138,ab,413,44,
89,58775.472650500014,ztfr,107.05088828047346,42.52674885722824,26.1587968620038,ab,413,44,
90,58775.47310189996,ztfr,-0.7654871057467307,41.25416449772843,26.1557938198146,ab,413,44,
91,58775.47355319979,ztfr,-17.954972026589484,41.347867503975536,26.168254887492,ab,413,44,
92,58775.4740046002,ztfr,-50.18194307503127,42.26895189173471,26.1621903403859,ab,413,44,
93,58775.47445600014,ztfr,27.369185957728742,40.41366605783946,26.1634296676766,ab,413,44,
94,58775.47490740009,ztfr,62.32689080394973,40.341657171826455,26.1614926743226,ab,413,44,
95,58775.47535880003,ztfr,-7.110946515791855,40.997092501128904,26.1590015940248,ab,413,44,
96,58775.47760420013,ztfr,41.96919544330007,40.32171265279348,26.1509576588256,ab,413,44,
97,58775.47805560008,ztfr,-48.507846945670025,41.223971913864006,26.1649943904805,ab,413,44,
98,58775.478506899904,ztfr,45.560100553288954,41.07008894718038,26.1609326324847,ab,413,44,
99,58775.47895829985,ztfr,-18.364498099353554,44.2521555573454,26.1619967240101,ab,413,44,
100,58775.479861100204,ztfr,-73.6262813662033,39.24593868497201,26.1615755077202,ab,413,44,
101,58775.48031250015,ztfr,9.222986874669331,39.48854247891931,26.1682683802814,ab,413,44,
102,58775.48077550018,ztfr,21.2482042442091,41.429427436071634,26.1703928168672,ab,413,44,
103,58775.48121530004,ztfr,-8.044791592025756,39.66292258480323,26.1730535684879,ab,413,44,
104,58775.4821295999,ztfr,-22.277997221521183,41.91922362433887,26.1631622143673,ab,413,44,
105,58775.482580999844,ztfr,59.00251335239904,40.8533083037257,26.1651808499213,ab,413,44,
106,58775.48303239979,ztfr,-24.951996169927476,41.1575699929724,26.1732392525851,ab,413,44,
107,58775.484375,ztfr,54.94623511051468,41.80333661416891,26.1701522650476,ab,413,44,
108,58775.484826399945,ztfr,55.35027965860295,41.06751521136558,26.1608626201985,ab,413,44,
109,58775.48527779989,ztfr,-22.489738368552654,40.814526514342624,26.1641485345768,ab,413,44,
110,58775.486192100216,ztfr,-42.72319266259477,37.166341201170745,26.1724183476701,ab,413,44,
111,58775.48664350016,ztfr,70.03083580106414,37.46467266605486,26.1711050127353,ab,413,44,
112,58775.48844909994,ztfr,13.582772319692417,39.7171669166118,26.1645385488658,ab,413,44,
113,58775.488900499884,ztfr,-20.594759389466972,37.15839010186465,26.1721849313108,ab,413,44,
114,58775.48981480021,ztfr,0.12245440749081293,36.78079978314512,26.1710877730657,ab,413,44,
115,58775.490266200155,ztfr,-37.19075199827811,38.386359286970745,26.1775068397498,ab,413,44,
116,58775.4907176001,ztfr,-32.24625285324002,39.24254407524377,26.1714747366673,ab,413,44,
117,58775.492071799934,ztfr,47.35610322084441,39.35328180066235,26.1745347407046,ab,413,44,
118,58775.49252310023,ztfr,-11.693234849219287,37.23849292908416,26.1745223861457,ab,413,44,
119,58775.49297450017,ztfr,15.115066961080423,39.01011524353198,26.1750189078023,ab,413,44,
120,58775.49342590012,ztfr,-5.865187286730044,44.024572932056294,26.16639078605,ab,413,44,
121,58775.49387730006,ztfr,-63.49824629570791,39.27084160451552,26.1722565346139,ab,413,44,
122,58775.494328700006,ztfr,-27.71376626646151,43.43866146421465,26.1718349419485,ab,413,44,
123,58775.49478009995,ztfr,95.85235439486125,47.28642660381711,26.1740284130883,ab,413,44,
124,58775.495231499895,ztfr,-3.3109395857978123,37.8517856720365,26.1722701530208,ab,413,44,
125,58775.49568289984,ztfr,-28.34704675614026,39.810408059852996,26.177079753023,ab,413,44,
126,58775.496134299785,ztfr,-8.367979782971927,41.43666765886334,26.1805750199045,ab,413,44,
127,58775.49658560008,ztfr,36.04184790939954,40.03346587002931,26.183147731445,ab,413,44,
128,58775.49703700002,ztfr,41.28136411883787,41.65979440939051,26.1764100104744,ab,413,44,
129,58775.49748839997,ztfr,34.118426452518115,43.213788710539696,26.1761947384284,ab,413,44,
130,58775.49793979991,ztfr,54.36801624394425,36.997138318125174,26.1774543075145,ab,413,44,
131,58775.49839119986,ztfr,-8.223078056339276,40.21387919324145,26.1780336459482,ab,413,44,
132,58775.4988425998,ztfr,18.775828394701055,36.268617881300116,26.1758458529661,ab,413,44,
133,58775.49929400021,ztfr,-41.29031086641026,41.18811605736259,26.1740399111376,ab,413,44,
134,58775.49974540016,ztfr,-41.51282686667242,40.77874413906913,26.1731884595127,ab,413,44,
135,58775.5001968001,ztfr,37.15389380403331,40.52440751484559,26.1763903750698,ab,413,44,
136,58775.50064809993,ztfr,67.41734666197601,37.192488617653815,26.1731766508122,ab,413,44,
137,58775.501099499874,ztfr,31.20034293817352,37.61753518329275,26.1855185884846,ab,413,44,
138,58775.50155089982,ztfr,-16.053351636614142,38.10464467742788,26.1794991475841,ab,413,44,
139,58775.50200230023,ztfr,12.093889342920269,37.38117058997685,26.1786722292074,ab,413,44,
140,58775.502453700174,ztfr,-53.956610252195645,39.28940094047692,26.1827635342032,ab,413,44,
141,58775.50290510012,ztfr,-11.103738469415038,39.34533944483345,26.1843085985539,ab,413,44,
142,58775.50335650006,ztfr,-44.9867353146521,39.79237576862726,26.1865819741395,ab,413,44,
143,58775.50380790001,ztfr,8.621254594535758,37.37541309727086,26.1785042389591,ab,413,44,
144,58775.504247699864,ztfr,46.32220330038165,40.528027190194855,26.1764860620308,ab,413,44,
145,58775.50469909981,ztfr,-75.6668926486762,41.8428158677906,26.1811684640868,ab,413,44,
146,58775.50515050022,ztfr,-44.407730440057705,39.12194220963161,26.1781235936032,ab,413,44,
147,58775.505601900164,ztfr,-53.562355761481854,37.641201788975344,26.1861999785771,ab,413,44,
148,58775.50605319999,ztfr,49.86219131846135,41.463077123322996,26.1812638949298,ab,413,44,
149,58775.506504599936,ztfr,27.320888481356917,37.17443412116769,26.1826434271537,ab,413,44,
150,58775.50695599988,ztfr,57.8871348328692,37.636350491943254,26.1760629948391,ab,413,44,
151,58775.507407399826,ztfr,29.868103013154197,38.04191220215118,26.1777074274577,ab,413,44,
152,58775.50785879977,ztfr,82.98298529255682,37.83027947361869,26.1816447209806,ab,413,44,
153,58775.50831020018,ztfr,-1.3796143174268085,36.060867695755675,26.1795987407349,ab,413,44,
154,58775.508761600126,ztfr,-39.9682415640021,37.11734110777886,26.1909695265914,ab,413,44,
155,58775.50921300007,ztfr,2.612522127461364,37.31040042098364,26.1966040368666,ab,413,44,
156,58775.509664400015,ztfr,-39.2520965337796,34.87188764465185,26.183165971933,ab,413,44,
157,58775.51011569984,ztfr,38.835397526497935,38.91042021965519,26.1822304184427,ab,413,44,
158,58775.51056709979,ztfr,54.76789348542137,39.113127794796775,26.1778769652567,ab,413,44,
159,58775.5110185002,ztfr,27.181743290171546,38.96486957475428,26.1837488642262,ab,413,44,
160,58775.51146990014,ztfr,-33.38778980864569,35.89457572670402,26.1845732418931,ab,413,44,
161,58775.51394680003,ztfg,-7.514748633366868,40.880047226269234,26.1959584505727,ab,413,44,
162,58776.47660879977,ztfr,-60.79118929730727,59.12647859668786,25.9766015708873,ab,1457,0,
163,58776.47706020018,ztfr,46.964418773125104,66.36588664680231,25.9820650540369,ab,1457,0,
164,58776.477511600126,ztfr,130.60181488574074,63.787420836832474,26.0290113652104,ab,1458,13,
165,58776.47796300007,ztfr,95.4691801677359,56.57981228045118,26.0287593779666,ab,1458,13,
166,58778.51712960005,ztfg,96.65566641387275,51.242782594980305,26.2000621357655,ab,413,44,
167,58781.47831019992,ztfg,233.66963093842435,57.299585371104065,26.178273351118,ab,413,44,
168,58781.5106366002,ztfr,251.4535186545941,85.311817952521,26.2030427181679,ab,413,44,
169,58783.49703700002,ztfr,363.028579166496,43.34456933717968,26.00004919158,ab,1457,0,
170,58783.49748839997,ztfr,231.07147807928052,53.48445318705229,25.9916831586634,ab,1457,0,
171,58783.50925929984,ztfr,252.51539147696397,50.54877774046143,26.0492273477286,ab,1458,13,
172,58783.509710600134,ztfr,212.49773598931674,64.06954878011427,26.049412554846,ab,1458,13,
173,58784.483402799815,ztfg,266.2007748470205,70.24016190790114,25.998805401492,ab,413,44,
174,58784.52504630014,ztfr,524.1921362873865,141.01565591971757,26.1992795911638,ab,413,44,
175,58787.526284699794,ztfr,519.0007760764734,54.73770044145126,26.2094634801709,ab,413,44,
176,58790.504525499884,ztfr,581.9919546623883,30.001833009868673,26.2003184775612,ab,413,44,
177,58790.52634260012,ztfg,683.9981189241494,21.975003704368067,26.2197834948788,ab,413,44,
178,58793.50355320005,ztfr,623.0402578350748,29.481151153038244,26.1821404487764,ab,413,44,
179,58796.53171300003,ztfr,694.977958778231,34.421075087957284,26.1965138123869,ab,413,44,
180,58799.50119209988,ztfr,651.4111820779573,46.247650486264305,26.2017595275311,ab,413,44,
181,58799.52493060008,ztfg,717.6217096006591,77.07659269707275,26.1948136658401,ab,413,44,
182,58803.423738399986,ztfr,545.627281371498,58.19873727646744,26.1741845320118,ab,413,44,
183,58803.43685190007,ztfr,388.9725851977016,53.842757811824725,25.9899475760116,ab,1457,0,
184,58806.46412040014,ztfg,443.82510062790055,38.95618629943565,26.2067391188228,ab,413,44,
185,58806.48981480021,ztfr,433.5400548097099,45.46945417943063,26.189207597867,ab,413,44,
186,58812.42025459977,ztfg,289.4897595088775,23.340051625368655,26.1727212729526,ab,413,44,
187,58827.336087999865,ztfr,260.9118607208142,102.64092701785222,26.163821761007,ab,413,44,
188,58827.339849499986,ztfr,98.78146961666536,77.29986659835066,26.1744765066124,ab,413,44,
189,58827.3408102002,ztfr,82.66300276216401,70.56717296990271,26.1748538439585,ab,413,44,
190,58827.341261600144,ztfr,273.7713093923621,81.0985458026373,26.1668955396272,ab,413,44,
191,58827.3510532002,ztfr,166.32300547046782,72.83785880216463,26.179476536845,ab,413,44,
192,58827.3520717998,ztfr,244.77730195519925,88.16844228480431,26.1780926749276,ab,413,44,
193,58827.35354170017,ztfr,211.17614480480174,81.46803765384381,26.1718465786028,ab,413,44,
194,58827.36192130018,ztfr,266.8378450685831,64.62022291796973,26.188422733306,ab,413,44,
195,58827.362372700125,ztfr,208.36144656874708,72.3166167128249,26.1816173563542,ab,413,44,
196,58827.36282410007,ztfr,173.1501872412171,64.89216654696259,26.1830480669908,ab,413,44,
197,58827.363275500014,ztfr,261.42573422252684,67.470033957853,26.1856993829005,ab,413,44,
198,58827.36429399997,ztfr,311.3370158089115,71.83564612174784,26.1843099688042,ab,413,44,
199,58827.369884300046,ztfr,221.3061915737072,76.55698352699369,26.1938674320628,ab,413,44,
200,58827.3709028,ztfr,104.93129013510253,68.378295720662,26.1903197963043,ab,413,44,
201,58827.37376159988,ztfr,273.35766312629437,70.6244980996546,26.1956691752927,ab,413,44,
202,58827.37421299983,ztfr,187.37290320963746,69.91913879003123,26.1946904594729,ab,413,44,
203,58827.38068290008,ztfr,179.2137476498403,77.48931552658932,26.1970858594851,ab,413,44,
204,58827.38170140004,ztfr,433.6107154994926,87.11050748813777,26.1948838136317,ab,413,44,
205,58827.3840855998,ztfr,301.8662162001087,99.65356534730357,26.1915883546404,ab,413,44,
206,58827.3850579001,ztfr,124.64332921828314,95.15055380596908,26.1911846359041,ab,413,44,
207,58827.38881940022,ztfr,125.23043825631727,109.02451593941373,26.1994952803767,ab,413,44,
208,58827.39361110004,ztfr,142.94697132298398,88.98064625851572,26.1980534162101,ab,413,44,
209,58827.39643519977,ztfr,332.35566863598467,98.0920722395805,26.2043504114866,ab,413,44,
210,58827.397338000126,ztfr,56.06049752363691,99.47537365864633,26.1996235640698,ab,413,44,
211,58827.39834489999,ztfr,205.77355808508565,86.50913529659819,26.1973202375407,ab,413,44,
212,58827.39931710018,ztfr,265.60059656497776,92.54525587985317,26.2008918852691,ab,413,44,
213,58827.404999999795,ztfr,235.98215352567414,82.26689767558759,26.2024218360098,ab,413,44,
214,58827.40821760008,ztfr,191.27281100469466,68.74826325362096,26.206169035524,ab,413,44,
215,58827.41562499991,ztfr,280.1926620863515,55.522825041006044,26.201856876462,ab,413,44,
216,58828.336087999865,ztfr,220.17367117762416,53.5648250934644,26.3119293538256,ab,413,44,
217,58828.34262729995,ztfr,240.32525435127883,56.71498898620297,26.3147950065563,ab,413,44,
218,58828.345960599836,ztfr,340.7565164635861,58.87569615572715,26.315883352963,ab,413,44,
219,58828.35381940007,ztfr,157.4302433431161,67.45956681945226,26.1658103626233,ab,413,44,
220,58828.35530090006,ztfr,63.78031758856221,163.6476239308735,25.1019308731542,ab,413,44,
221,58828.35620369995,ztfr,148.8717142831074,103.58393016302702,25.7943872196141,ab,413,44,
222,58828.35765049979,ztfr,236.70534134049808,107.5364909314371,25.6752600720519,ab,413,44,
223,58828.3581019002,ztfr,185.33469651070027,95.50149092964706,25.8758411523604,ab,413,44,
224,58828.3660300998,ztfr,220.63650755006583,66.99221941812424,26.3175605356248,ab,413,44,
225,58828.36704860022,ztfr,201.54802034221177,59.371534793556194,26.3349900545796,ab,413,44,
226,58828.37993060006,ztfr,278.79853860472684,56.989617990958955,26.3300218224499,ab,413,44,
227,58828.38224539999,ztfr,217.81174433887568,55.64636852307058,26.3337611882398,ab,413,44,
228,58828.38918979978,ztfr,289.6623389385538,52.61736465676468,26.3321408600827,ab,413,44,
229,58828.39065970015,ztfr,220.23632782197257,53.21736212432819,26.3346169287411,ab,413,44,
230,58828.393946799915,ztfr,225.85226554837595,52.213634227119165,26.3336415316652,ab,413,44,
231,58828.39717590017,ztfr,182.50230667805965,55.05688603168648,26.3419895237105,ab,413,44,
232,58828.398564800154,ztfr,249.84837855333282,54.26174421649636,26.3360158307279,ab,413,44,
233,58828.3990162001,ztfr,246.91304001443876,57.30033108207579,26.3260316900704,ab,413,44,
234,58828.40422450006,ztfr,269.187892606706,55.151923271790885,26.343877436876,ab,413,44,
235,58828.40512729995,ztfr,376.52773546232334,57.257536680723675,26.3351546015501,ab,413,44,
236,58828.40657409979,ztfr,214.6267838009327,65.80342993905563,26.3478057945746,ab,413,44,
237,58828.4070255002,ztfr,327.9210510051241,55.8045860660585,26.3368729692738,ab,413,44,
238,58828.40898150019,ztfr,108.41550329459639,67.8691531460335,26.3417093940598,ab,413,44,
239,58828.409942099825,ztfr,307.3194124869749,58.67114374480435,26.3419229862263,ab,413,44,
240,58828.41039349977,ztfr,134.04603747750053,69.47927610742303,26.3374106757515,ab,413,44,
241,58828.41084490018,ztfr,213.06990548077542,61.61425970322155,26.3357144605394,ab,413,44,
242,58828.411296300124,ztfr,203.0958482918067,58.355926600148145,26.3360389974968,ab,413,44,
243,58828.41174770007,ztfr,182.70815667121178,57.07837582713682,26.341669054582,ab,413,44,
244,58828.41497689998,ztfr,255.9218867314293,54.36656659154689,26.3381319370143,ab,413,44,
245,58828.44001160003,ztfg,-52.13348630851199,98.4555190217068,26.3596946202408,ab,413,44,
246,58831.42089120019,ztfr,158.41359127503924,142.0501232576909,26.3375760642035,ab,413,44,
247,58833.370509299915,ztfr,151.25059628141733,83.09681109471803,26.1342843159085,ab,1457,0,
248,58833.37096060021,ztfr,128.76927963341205,86.66548029137341,26.1400982583276,ab,1457,0,
249,58833.38978009997,ztfr,280.71978929055723,106.13423033218882,26.3305224328055,ab,413,44,
250,58833.39525459986,ztfr,305.6366326858089,88.46927117265389,26.1924525741969,ab,1458,13,
251,58833.41033559991,ztfr,138.58112219980694,85.96347721002985,26.1911446004726,ab,1458,13,
252,58835.42047449993,ztfr,188.9447360124932,125.38879736562372,26.3120844141761,ab,413,44,
253,58850.261713000014,ztfr,-16.609734681035164,60.085067391916326,26.1519938652304,ab,413,44,
254,58850.26216439996,ztfr,174.62648749404127,59.27910946250081,26.2570216919477,ab,413,44,
255,58850.27109949989,ztfr,26.823645294728713,97.65971144198686,25.1313671827337,ab,413,44,
256,58850.2725463002,ztfr,20.945535072699393,71.69771960039678,25.7850140011396,ab,413,44,
257,58850.27299770014,ztfr,0.4259947891156628,60.745340381693,26.0541094955471,ab,413,44,
258,58850.28450229997,ztfr,181.82227475620851,52.30333656927113,26.3101617269104,ab,413,44,
259,58850.28546300018,ztfr,93.41874314691081,46.3186614710465,26.3172074587114,ab,413,44,
260,58850.28915510001,ztfr,90.23610126482812,52.93510863778678,26.313273298177,ab,413,44,
261,58850.291481500026,ztfr,172.98026085954672,34.881596735436425,26.3157765612947,ab,413,44,
262,58850.29479169985,ztfr,141.0305157095972,34.562738554699834,26.3156553394955,ab,413,44,
263,58850.299074099865,ztfr,103.21199427194571,33.95946998557471,26.3162336452233,ab,413,44,
264,58850.30237270007,ztfr,143.20141414675567,31.06568649554326,26.3178274867673,ab,413,44,
265,58850.3051967998,ztfr,128.22785252774614,38.65085351906194,26.3186861981654,ab,413,44,
266,58850.31212959997,ztfr,144.92978820126805,44.61115041924012,26.3260261430948,ab,413,44,
267,58850.314919000026,ztfr,82.42181059679977,52.53491062567575,26.3249425963743,ab,413,44,
268,58850.31736110011,ztfr,200.62266817810007,54.58203686555316,26.3267075915095,ab,413,44,
269,58850.323333300184,ztfr,158.6255341233401,43.187598693570784,26.3304569356613,ab,413,44,
270,58850.32378470013,ztfr,112.61915671072758,49.49410138456652,26.3297307687338,ab,413,44,
271,58850.325277800206,ztfr,94.48020242226474,43.16755591853298,26.3299506037946,ab,413,44,
272,58850.32623839984,ztfr,105.03256842078038,47.88551366406708,26.3335625325178,ab,413,44,
273,58850.32726849988,ztfr,-2.906065817328596,48.14768226243195,26.3295543681609,ab,413,44,
274,58850.3277083002,ztfr,74.39867892395321,38.01255309677214,26.3303078561844,ab,413,44,
275,58850.335138900205,ztfr,17.52967471790683,54.648370466066524,26.328031205361,ab,413,44,
276,58850.336620400194,ztfr,108.33905811618526,51.88775709428608,26.3313732808513,ab,413,44,
277,58850.33759259991,ztfr,135.66022525140093,49.699252015458434,26.3342394388647,ab,413,44,
278,58850.33855320001,ztfr,138.1401063847041,55.235299427397756,26.3296958325571,ab,413,44,
279,58850.34004630009,ztfr,338.69826678135394,67.86122757371224,26.324325212992,ab,413,44,
280,58850.34575230023,ztfr,172.37299678456682,61.42241975464471,26.3256088969836,ab,413,44,
281,58850.347615700215,ztfr,104.63500878515117,87.82931432197218,26.3152496642129,ab,413,44,
282,58850.34995369986,ztfr,-36.97536054882663,77.98450462220278,26.3258134596127,ab,413,44,
283,58850.35273149982,ztfr,-15.874220721872618,114.54371246330378,26.3240983482562,ab,413,44,
284,58850.35318290023,ztfr,178.1070191097984,102.16486938734069,26.3297250805507,ab,413,44,
285,58850.35650460003,ztfr,148.50595729761014,52.98918214388766,26.3343236849388,ab,413,44,
286,58850.35795139987,ztfr,35.45338782737487,74.61002091045926,26.3276315397322,ab,413,44,
287,58850.36170140002,ztfr,-54.83502715990795,92.5518767019913,26.3322229902713,ab,413,44,
288,58850.3639814998,ztfr,187.08606631410856,88.24247867279848,26.3203514473968,ab,413,44,
289,58850.37006939994,ztfr,383.5049830421899,136.66387431960945,26.3260283989757,ab,413,44,
290,58850.37155089993,ztfr,270.43127244353457,114.30402492179066,26.3318156465742,ab,413,44,
291,58850.374328699894,ztfr,-29.636319180252798,131.17996635714857,26.3415092791876,ab,413,44,
292,58850.37528940011,ztfr,-63.11257974099614,108.8887025721983,26.3390354698184,ab,413,44,
293,58850.37672450021,ztfr,83.48858746250778,87.61241039558843,26.3225505789319,ab,413,44,
294,58850.37863430008,ztfr,387.47266734077755,187.8552648950664,27.011455217521,ab,413,44,
295,58850.3823958002,ztfr,178.98282984165576,151.53451370208995,26.3282712923178,ab,413,44,
296,58850.38793980004,ztfr,134.40792985250565,82.33439991366058,26.3149295530808,ab,413,44,
297,58850.3889583,ztfr,128.68023637848196,78.98632660611048,26.3197234739802,ab,413,44,
298,58850.39128470002,ztfr,289.02236442339125,77.59323219314068,26.3303298566802,ab,413,44,
299,58850.39274309995,ztfr,172.79421887083222,71.40175427342,26.3297435913253,ab,413,44,
300,58850.394189800136,ztfr,28.664548209286167,80.80843211717456,26.3245493670962,ab,413,44,
301,58850.39462959999,ztfr,48.74028318558544,80.9679956756916,26.3167080210842,ab,413,44,
302,58850.39508099994,ztfr,212.9363454488361,75.00819974957014,26.3234372152539,ab,413,44,
303,58850.397419000044,ztfr,149.30320204711086,75.28106479411449,26.3273861805143,ab,413,44,
304,58850.404351899866,ztfr,226.8886179837384,90.22851187197993,26.3145790923917,ab,413,44,
305,58850.4073379999,ztfr,-29.16461109793501,82.71063143759476,26.3198865798256,ab,413,44,
306,58850.40923610004,ztfr,40.10830043961876,75.91932085799377,26.3165993469929,ab,413,44,
307,58850.41200229991,ztfr,175.7948804341697,72.67957504272592,26.3290722408646,ab,413,44,
308,58850.41581019992,ztfr,77.7348735105025,90.569115503205,26.3186746552884,ab,413,44,
309,58850.41812499985,ztfr,146.52088093720351,80.08030309480058,26.3246945108248,ab,413,44,
310,58850.441064800136,ztfr,104.70165146165077,81.3625513347898,26.312007911394,ab,413,44,
