,time,band,flux,fluxerr,zp,zpsys,field,ccd,comment
0,58605.42153939977,ztfr,16.00192358811587,19.671485300538084,26.1720178925238,ab,537,54,
1,58605.42244210001,ztfr,26.251068638123044,21.29693401138158,26.1782177239227,ab,537,54,
2,58606.47921299981,ztfg,-33.575180357091035,14.669849706189746,26.203489172049,ab,537,54,
3,58607.37740739994,ztfr,12.905077172527271,16.55198496356218,26.1545502186616,ab,537,54,
4,58607.437395799905,ztfg,13.907248051201817,14.32105898729392,26.1973628447594,ab,537,54,
5,58608.42041670019,ztfg,1.5767698844566425,24.591696324715866,25.91439622889,ab,537,54,
6,58608.42133100005,ztfg,-10.913049592895193,19.409991964215813,25.9474883998136,ab,537,54,
7,58608.462233799975,ztfr,4.577189720959885,18.23783258972628,25.9298580730343,ab,537,54,
8,58608.463136599865,ztfr,-7.116886483961502,16.18375966293951,26.0901235616319,ab,537,54,
9,58612.4166898001,ztfg,1.7417590673452386,13.900266583952302,26.1749828342863,ab,537,54,
10,58612.45937500009,ztfr,22.035079294563054,14.806020396902852,26.1535208691762,ab,537,54,
11,58612.46027779998,ztfr,13.160884951877117,13.834040212268375,26.1497975951785,ab,537,54,
12,58617.35724540008,ztfr,5.152999778739576,27.64968161050058,26.1216503476273,ab,537,54,
13,58617.358148099855,ztfr,-5.419782678534441,25.68746843938908,26.131728274914,ab,537,54,
14,58617.418333299924,ztfg,-2.817970330301943,22.16885277531188,26.1717830588898,ab,537,54,
15,58617.41923609981,ztfg,-26.84331088148114,20.369621093007677,26.1698823871271,ab,537,54,
16,58618.439363399986,ztfg,-17.584966268164635,25.45694636867089,23.8019407798753,ab,537,54,
17,58619.41004629992,ztfr,87.70635243486461,90.8348202522574,25.0730559136569,ab,537,54,
18,58627.37973379996,ztfr,255.41994844219585,26.20830010047087,26.1607102357532,ab,537,54,
19,58627.48026619991,ztfg,370.822006316968,41.31341637342754,26.2209779621795,ab,537,54,
20,58632.31481479993,ztfr,664.0909288381176,28.924545924964846,26.1385184512233,ab,537,54,
21,58632.4214583002,ztfg,920.9600481808523,25.93911513811838,26.1886137580952,ab,537,54,
22,58635.36137730023,ztfr,910.3895509168508,17.388098311069697,26.1473790829871,ab,537,54,
23,58638.294386600144,ztfr,1007.1270173054851,24.74310217310463,26.1163469266612,ab,537,54,
24,58638.35591439996,ztfg,1288.2609969796772,22.581401431299778,26.1674462842407,ab,537,54,
25,58641.400254600216,ztfr,1127.7888544172656,21.703289600026643,26.1759155284129,ab,537,54,
26,58644.315069399774,ztfr,1107.030249754583,27.580562500915462,26.1718695344481,ab,537,54,
27,58644.337164400145,ztfg,1259.453610723406,29.370474503525053,26.2070220424209,ab,537,54,
28,58647.37325230008,ztfg,1185.548089466378,39.701704466004806,26.216612668009,ab,537,54,
29,58650.31650459999,ztfr,913.7976550884383,48.797792848284175,26.1732878502116,ab,537,54,
30,58650.44064809987,ztfg,822.177658243342,63.04212267629556,26.1854812641365,ab,537,54,
31,58653.34175929986,ztfg,744.1888638733124,60.50643734982525,26.193218968161,ab,537,54,
32,58653.4151157001,ztfr,858.354235444908,49.1355453356074,26.137446702488,ab,537,54,
33,58657.33784720022,ztfr,666.5016524195403,28.316610847691422,26.1604355364582,ab,537,54,
34,58657.44221059978,ztfg,439.2667939750538,46.81921705716622,26.1523292014673,ab,537,54,
35,58658.2511574002,ztfr,671.8915248564192,18.17572959775215,26.1542985083919,ab,537,54,
36,58658.25160880014,ztfr,607.5197666095928,19.191786384060336,26.1573969473131,ab,537,54,
37,58658.26893519983,ztfr,637.9943900467123,19.497513297138802,26.1521334848796,ab,537,54,
38,58658.26938659977,ztfr,641.9296628358538,17.83631988576765,26.1544507635553,ab,537,54,
39,58658.26983800018,ztfr,626.9573542172695,19.102167622931198,26.1515780869001,ab,537,54,
40,58658.273043999914,ztfr,648.4935072140548,20.010265141594857,26.1506212068369,ab,537,54,
41,58658.27406249987,ztfr,634.3468821177823,18.47628119069739,26.1508296919293,ab,537,54,
42,58658.29020830011,ztfr,591.3076021018621,19.136828524919718,26.1539664677916,ab,537,54,
43,58658.319004599936,ztfr,670.6211633380562,20.958427959893722,26.1650892519662,ab,537,54,
44,58658.31945599988,ztfr,642.8570751674918,21.00069409233297,26.1588955408768,ab,537,54,
45,58660.25218749978,ztfr,581.695983734737,17.808730191617943,26.1690697221516,ab,537,54,
46,58660.25263890019,ztfr,645.7364159537747,17.02674238823985,26.1748756167974,ab,537,54,
47,58660.26261569979,ztfr,594.666799997233,18.643431755488887,26.1700201720563,ab,537,54,
48,58660.26414350001,ztfr,644.471248785012,19.499340024377762,26.1676384258461,ab,537,54,
49,58660.27046300005,ztfr,624.2965904939286,18.5135146878921,26.1694809160254,ab,537,54,
50,58660.27931710007,ztfr,598.7457666460986,17.878884153141627,26.1742285773108,ab,537,54,
51,58660.28087959997,ztfr,645.9524039428916,16.89187597791188,26.1802937400077,ab,537,54,
52,58660.28633099981,ztfr,644.9802175540581,18.110705293072638,26.1744586362558,ab,537,54,
53,58660.30144680012,ztfr,589.3994686197609,19.62975510872254,26.1590334675038,ab,537,54,
54,58660.30189809995,ztfr,599.1201292416717,17.128023356435992,26.134989047608,ab,537,54,
55,58660.31667819992,ztfr,576.9355441915825,18.159632337946505,26.1368026341083,ab,537,54,
56,58660.31712959986,ztfr,542.5103334137066,17.790022673891013,26.052495472228,ab,537,54,
57,58660.3198958002,ztfr,530.3231369074061,19.493583803994174,26.0558984000775,ab,537,54,
58,58660.33655089978,ztfg,430.0180785293579,16.288348611335376,26.2285847128883,ab,537,54,
59,58661.233020800166,ztfr,576.6881389868781,25.660585693066402,26.1544302150824,ab,537,54,
60,58661.23347220011,ztfr,584.0591986334748,22.170201362659107,26.1620702512493,ab,537,54,
61,58661.245763900224,ztfr,617.1083788214481,22.329537957138324,26.1707243628634,ab,537,54,
62,58661.24881940009,ztfr,558.821552218969,22.557294229807603,26.1740200290901,ab,537,54,
63,58661.272986100055,ztfr,562.6941637852212,26.879915522022493,26.1624894705491,ab,537,54,
64,58661.278194400016,ztfr,646.7283766496016,25.834519201549597,26.1716271810733,ab,537,54,
65,58661.283113399986,ztfr,605.788727320323,23.08839683573994,26.16613827308,ab,537,54,
66,58661.28555560019,ztfr,605.5073487331034,24.665320736230452,26.1721525368896,ab,537,54,
67,58661.28710650001,ztfr,642.664764497168,24.52219844614276,26.1743947443625,ab,537,54,
68,58661.297627300024,ztfr,566.5520088042252,26.86286309791118,26.1710621336427,ab,537,54,
69,58661.29807869997,ztfr,631.7455012466198,24.72809482745472,26.1751766244712,ab,537,54,
70,58662.25569440005,ztfr,610.7072420215994,26.195192911137976,26.1894523416686,ab,537,54,
71,58662.2561458,ztfr,575.2721129760494,22.69234952385924,26.1834138095309,ab,537,54,
72,58662.2668980998,ztfr,662.0003213081171,22.125585219502792,26.1798214977359,ab,537,54,
73,58662.2732406999,ztfr,579.5238730910052,22.053186420028883,26.1847782579813,ab,537,54,
74,58662.27369209984,ztfr,640.4691919829521,21.519789825856755,26.1817345998411,ab,537,54,
75,58662.28938659979,ztfr,588.4123208590947,20.82271325947113,26.1855776708854,ab,537,54,
76,58662.29751159996,ztfr,594.9129201237151,20.587363229433645,26.1804014212197,ab,537,54,
77,58662.31252310006,ztfr,606.2255053814141,18.64386619222354,26.1853213016225,ab,537,54,
78,58662.312974500004,ztfr,628.1645280781994,19.25249102639169,26.1835120640434,ab,537,54,
79,58663.23486110009,ztfr,549.2742969171774,22.521107084057537,26.1405695144282,ab,537,54,
80,58663.23531250004,ztfr,615.6602836858915,23.647315136713495,26.1442262851586,ab,537,54,
81,58663.24844910018,ztfr,577.7232365929907,28.305777162301574,26.1504638530306,ab,537,54,
82,58663.25829860009,ztfr,601.3613356053362,29.009076912985424,26.1505075660669,ab,537,54,
83,58663.2603703998,ztfr,608.5500491100635,25.716926923331677,26.1510872531025,ab,537,54,
84,58663.261932900175,ztfr,524.15636849386,23.76396298135917,26.1592020694839,ab,537,54,
85,58663.28280089982,ztfr,560.2816527056888,21.65577246194554,26.1652522198411,ab,537,54,
86,58663.2862383998,ztfr,572.4706500242416,20.745194288290534,26.1574000562012,ab,537,54,
87,58663.2875926001,ztfr,575.2009426943978,18.959970264588346,26.1590391991761,ab,537,54,
88,58663.288044000044,ztfr,547.9222059839911,19.882487411775564,26.1577801262653,ab,537,54,
89,58663.31394679984,ztfr,618.3559299236681,21.88182431709753,26.1600248086871,ab,537,54,
90,58665.30070600007,ztfr,541.6365262686523,19.796942578380836,26.175904018783,ab,537,54,
91,58665.30115740001,ztfr,552.5043505142562,18.90195520217988,26.1790436854846,ab,537,54,
92,58665.32993059978,ztfr,601.6517795250693,19.337951392751144,26.1903046926482,ab,537,54,
93,58665.33038190007,ztfr,577.0324191285624,19.490713094207596,26.1741572483766,ab,537,54,
94,58665.35482640006,ztfr,577.9835274595553,18.604617169166495,26.184984446725,ab,537,54,
95,58665.3552778,ztfr,602.131742360178,18.368802580091838,26.1859068551556,ab,537,54,
96,58665.355729199946,ztfr,586.6359372764489,18.39125965248907,26.1790027381931,ab,537,54,
97,58665.35618059989,ztfr,553.9230326187893,18.774849625453843,26.1793657854579,ab,537,54,
98,58665.356631900184,ztfr,542.3959772900333,19.2056716953413,26.1818955358698,ab,537,54,
99,58665.35708330013,ztfr,552.3332631382729,18.948001408073967,26.1822672416425,ab,537,54,
100,58665.35753470007,ztfr,555.9508413554884,18.558399342193088,26.1818824838769,ab,537,54,
101,58665.35798610002,ztfr,536.2914134223616,18.67064778263383,26.1809363073897,ab,537,54,
102,58665.35843749996,ztfr,569.402032405955,18.758789202193597,26.178307043493,ab,537,54,
103,58665.35888889991,ztfr,553.8302838187406,18.0419581253316,26.18012233378,ab,537,54,
104,58665.35934029985,ztfr,567.2037634460606,17.717415752886208,26.1821557129777,ab,537,54,
105,58665.3597916998,ztfr,538.9973084024717,19.03636495835044,26.1880614227858,ab,537,54,
106,58665.36024310021,ztfr,561.9606141989755,19.455321040536596,26.1806535500072,ab,537,54,
107,58665.360694400035,ztfr,542.9189376646437,19.329534849377985,26.1812646379921,ab,537,54,
108,58665.36114579998,ztfr,562.748987463632,18.24197831649476,26.1772230983202,ab,537,54,
109,58665.361597199924,ztfr,586.275425784108,18.1085250761127,26.1847800682206,ab,537,54,
110,58665.36204859987,ztfr,554.3724192691022,18.39757557514386,26.1794571424064,ab,537,54,
111,58665.362499999814,ztfr,536.3887548770786,18.183273405020696,26.1815841323554,ab,537,54,
112,58665.362951400224,ztfr,573.7557029898327,18.4624216360367,26.1838725355801,ab,537,54,
113,58665.36340280017,ztfr,583.4356479918632,18.400605752703424,26.1796687873395,ab,537,54,
114,58665.36385420011,ztfr,551.2787813070073,18.97251083948482,26.1753446590621,ab,537,54,
115,58665.36430560006,ztfr,578.140739939145,18.357117720177968,26.1767040354264,ab,537,54,
116,58665.364756899886,ztfr,571.362359679069,18.525272512959212,26.1796733043331,ab,537,54,
117,58665.36520829983,ztfr,542.7342161350142,18.300451714182156,26.1812610504862,ab,537,54,
118,58665.365659699775,ztfr,594.0672529263801,18.436189371578884,26.1821000080433,ab,537,54,
119,58665.366111100186,ztfr,566.8241953209646,18.57006059033691,26.1827001153206,ab,537,54,
120,58665.36656250013,ztfr,594.9155706026805,18.10364379478955,26.1844594245657,ab,537,54,
121,58665.367013900075,ztfr,596.2389453844684,19.022238198528736,26.1786062590047,ab,537,54,
122,58665.36746530002,ztfr,532.7394971952233,18.049058379743176,26.1806526532324,ab,537,54,
123,58665.367916699965,ztfr,604.3649389054591,18.78495338074572,26.1800784549137,ab,537,54,
124,58665.36836809991,ztfr,587.2392450856166,18.542093461998984,26.1808225078514,ab,537,54,
125,58665.3688194002,ztfr,566.9907191585525,18.61568374330005,26.1772931564,ab,537,54,
126,58665.36927080015,ztfr,534.3704664633123,19.4743133058866,26.1818875284951,ab,537,54,
127,58665.36972220009,ztfr,572.5585347206628,18.698163734692034,26.1828179352744,ab,537,54,
128,58665.37016199995,ztfr,571.6876702430527,20.268262148066885,26.1787535558047,ab,537,54,
129,58665.37062499998,ztfr,546.1065135956019,19.000160959410472,26.1771768539707,ab,537,54,
130,58665.371076399926,ztfr,557.8025761191678,18.807622949602514,26.1815929126878,ab,537,54,
131,58665.37152779987,ztfr,556.5088204493923,19.112220099549646,26.1759022452608,ab,537,54,
132,58665.371979199816,ztfr,564.4135527622943,18.89982277204326,26.1791530216562,ab,537,54,
133,58665.372430600226,ztfr,553.4029145153141,19.51236024023114,26.1756628686601,ab,537,54,
134,58665.37288190005,ztfr,579.6694319189816,20.438957563256515,26.1802224730559,ab,537,54,
135,58665.3733333,ztfr,568.8718844751835,19.431389736626027,26.1791777648997,ab,537,54,
136,58665.37378469994,ztfr,543.6875513165306,19.17304218853419,26.1798474691037,ab,537,54,
137,58665.37423609989,ztfr,538.3781628490799,19.016485464604852,26.1782558135347,ab,537,54,
138,58665.37468749983,ztfr,560.9581282536595,19.311866128026388,26.1715637691446,ab,537,54,
139,58665.37513889978,ztfr,528.080355879504,18.49345029507554,26.1775597241402,ab,537,54,
140,58665.37559030019,ztfr,541.9088742857862,19.281082626471637,26.1782110723008,ab,537,54,
141,58665.37604170013,ztfr,571.755903218991,18.859226691464706,26.1764920615238,ab,537,54,
142,58665.37649310008,ztfr,554.9413521353684,18.812784101650703,26.1819542269341,ab,537,54,
143,58665.376944399904,ztfr,564.3185697665637,19.21492236846338,26.1739636010133,ab,537,54,
144,58665.37739579985,ztfr,556.1671384964053,19.348949387599212,26.173942113589,ab,537,54,
145,58665.377847199794,ztfr,594.742247870574,19.229277380976658,26.1748906206441,ab,537,54,
146,58665.378298600204,ztfr,581.0822541124819,19.219646649943964,26.174272345223,ab,537,54,
147,58665.37875000015,ztfr,533.621519946905,18.651605916571235,26.1797374553979,ab,537,54,
148,58665.379201400094,ztfr,560.3098919146046,18.59386597450308,26.1758658995878,ab,537,54,
149,58665.37965280004,ztfr,589.8490477671825,18.550205701446703,26.1814115603315,ab,537,54,
150,58665.38010419998,ztfr,593.9847955528854,18.455127317530373,26.1749810136566,ab,537,54,
151,58665.38055559993,ztfr,585.3370995653618,20.153123974395317,26.1718283853747,ab,537,54,
152,58665.38100690022,ztfr,543.2289119406448,19.51302273557606,26.1670769343889,ab,537,54,
153,58665.381458300166,ztfr,548.9938140195271,18.640825872616404,26.1790252245359,ab,537,54,
154,58665.38190970011,ztfr,573.9229817969451,19.064074540588045,26.1813853180125,ab,537,54,
155,58665.382361100055,ztfr,546.06333004836,18.71022608751235,26.1751609751393,ab,537,54,
156,58665.3828125,ztfr,579.3333746705099,18.914612277454165,26.1716140920898,ab,537,54,
157,58665.383263899945,ztfr,571.173765634801,18.706282933528055,26.1749013905438,ab,537,54,
158,58665.38371529989,ztfr,581.9970523831323,19.304453615699476,26.1797365447485,ab,537,54,
159,58665.384166699834,ztfr,532.9069288048466,18.85706020961406,26.1763778587933,ab,537,54,
160,58665.38461809978,ztfr,552.5538780580615,20.415269966813554,26.1700618667487,ab,537,54,
161,58665.38506940007,ztfr,563.7228254089937,22.553284087660018,26.1741528175956,ab,537,54,
162,58665.38552080002,ztfr,530.6164346597423,20.02405156650679,26.1727288442954,ab,537,54,
163,58665.38597219996,ztfr,559.0806628391271,19.199890639736523,26.1730257955466,ab,537,54,
164,58665.386423599906,ztfr,596.4262929536321,19.881072664435532,26.1726759101162,ab,537,54,
165,58665.38687499985,ztfr,547.0547741137107,21.378253394910356,26.1728037831924,ab,537,54,
166,58665.387326399796,ztfr,572.3215025991972,19.171595043113747,26.1712052989803,ab,537,54,
167,58665.387777800206,ztfr,522.4539822677186,19.47810319097915,26.1735474091915,ab,537,54,
168,58665.38822920015,ztfr,577.7725072755832,19.740269681542266,26.1726608524502,ab,537,54,
169,58665.388680600096,ztfr,544.9758906976942,19.86277687624407,26.1715543377108,ab,537,54,
170,58665.38913189992,ztfr,599.5066211478322,19.40151930315141,26.1773311682094,ab,537,54,
171,58665.38958329987,ztfr,544.8462598516003,18.933334882591772,26.1728668903735,ab,537,54,
172,58665.39003469981,ztfr,545.4583263875146,19.763534076836475,26.1741129307213,ab,537,54,
173,58665.39048610022,ztfr,573.5520818509483,19.204899806168328,26.1733638508935,ab,537,54,
174,58665.39093750017,ztfr,584.238715297041,19.572955606228817,26.1708835566073,ab,537,54,
175,58665.39138890011,ztfr,580.5655511108098,20.26844476152533,26.1788284818447,ab,537,54,
176,58665.39184030006,ztfr,558.9411224159362,19.569418965614442,26.1706641049259,ab,537,54,
177,58665.3922917,ztfr,543.3279769026601,20.94769861599996,26.1748790226362,ab,537,54,
178,58665.39274309995,ztfr,547.610795020763,20.56408623070411,26.1701214742533,ab,537,54,
179,58665.393194399774,ztfr,562.5796856380019,20.712669336546067,26.170046679847,ab,537,54,
180,58665.393645800184,ztfr,560.5857903673498,19.395942804672167,26.168355324479,ab,537,54,
181,58665.39409720013,ztfr,555.7750952860462,19.821059387335936,26.1689935294713,ab,537,54,
182,58665.394548600074,ztfr,541.7364024336147,21.15828867541262,26.1781215887961,ab,537,54,
183,58665.39500000002,ztfr,557.589026526154,20.99261040838697,26.1686210026878,ab,537,54,
184,58665.39545139996,ztfr,523.2203265423838,22.396247807247903,26.1658483005499,ab,537,54,
185,58665.39590279991,ztfr,525.6953952213153,21.60810121461916,26.1678553876195,ab,537,54,
186,58665.39635419985,ztfr,632.2576493747329,20.9658833094812,26.1670841841804,ab,537,54,
187,58665.3968055998,ztfr,537.2984852178887,21.187367037511244,26.1709083843035,ab,537,54,
188,58665.39725690009,ztfr,546.4214368018336,19.887434505740355,26.1731019499953,ab,537,54,
189,58665.397708300035,ztfr,558.2250876291762,22.26762001760851,26.1679913425641,ab,537,54,
190,58665.39815969998,ztfr,578.6857556152789,22.96071975850878,26.1683393043657,ab,537,54,
191,58665.398611099925,ztfr,602.153276701777,24.822652631952256,26.1688431560976,ab,537,54,
192,58665.39906249987,ztfr,556.1626196484817,24.907836586484112,26.1636375001979,ab,537,54,
193,58665.399513899814,ztfr,556.8588971560246,21.527589432116194,26.1723050496115,ab,537,54,
194,58665.399965300225,ztfr,554.0269998496406,21.36859913585316,26.1633862578498,ab,537,54,
195,58665.40041670017,ztfr,545.5203549094828,20.393574462703608,26.1688138877255,ab,537,54,
196,58665.400868100114,ztfr,586.0939361408871,22.985900341142887,26.1696463985755,ab,537,54,
197,58665.40131939994,ztfr,576.4927224677863,22.630422319900877,26.1692273159277,ab,537,54,
198,58665.40177079989,ztfr,569.7324432241642,22.8590915209842,26.1721401134138,ab,537,54,
199,58665.40222219983,ztfr,538.2085034465879,21.451365821976918,26.1680447632567,ab,537,54,
200,58665.402673599776,ztfr,573.8282033160427,20.792937617450765,26.1659279313601,ab,537,54,
201,58665.403125000186,ztfr,557.4908545545246,22.695009752773686,26.1635798173451,ab,537,54,
202,58665.40357640013,ztfr,508.7719420483244,21.86709770006961,26.1642677883219,ab,537,54,
203,58665.404027800076,ztfr,538.4861669281755,21.97231646657018,26.1700181275093,ab,537,54,
204,58665.40447920002,ztfr,540.5858064191195,22.762243157855348,26.1670999393156,ab,537,54,
205,58665.404930599965,ztfr,566.8841519443101,21.79876242255171,26.1694794878856,ab,537,54,
206,58665.40538189979,ztfr,557.8162330563351,21.69876749041976,26.1639651806422,ab,537,54,
207,58665.4058333002,ztfr,527.0813288241472,22.257681861613246,26.1674779810071,ab,537,54,
208,58665.40628470015,ztfr,541.1935584007906,21.67929446084522,26.1628901699031,ab,537,54,
209,58665.40673610009,ztfr,588.5911782410469,22.052916347114486,26.1654289309423,ab,537,54,
210,58665.40718750004,ztfr,535.4330316040953,21.755656395113785,26.1671110127275,ab,537,54,
211,58665.40763889998,ztfr,553.4676030120664,22.882150284321877,26.1642914864,ab,537,54,
212,58665.40809029993,ztfr,527.0518613876719,20.628355394775355,26.1651399347725,ab,537,54,
213,58665.40854169987,ztfr,516.369711180866,22.206222779391513,26.1647205228023,ab,537,54,
214,58665.408993099816,ztfr,537.1548202280119,20.430456694805418,26.1622436927335,ab,537,54,
215,58665.40944440011,ztfr,557.3060439878748,20.86012247981063,26.16100316147,ab,537,54,
216,58665.409895800054,ztfr,578.3738310243571,20.78211679285961,26.1653175922791,ab,537,54,
217,58665.4103472,ztfr,548.0653333234193,21.452582300524373,26.1681343340866,ab,537,54,
218,58665.41079859994,ztfr,529.7336613914936,20.440395702618012,26.1628403369547,ab,537,54,
219,58665.41124999989,ztfr,555.2112675732742,21.25033444906584,26.1656361067339,ab,537,54,
220,58665.41170139983,ztfr,560.1874697989608,22.03848426202684,26.1646581855754,ab,537,54,
221,58665.41215279978,ztfr,579.3542670502459,20.722475767198596,26.1618416467507,ab,537,54,
222,58665.4125926001,ztfr,535.4826147897577,20.770649693927783,26.1646564933701,ab,537,54,
223,58665.413044000044,ztfr,597.3888850080544,20.569190526804054,26.1616678763873,ab,537,54,
224,58665.41349539999,ztfr,582.306840341133,21.289503430794568,26.1678617650969,ab,537,54,
225,58665.413946799934,ztfr,577.5788375673654,21.403585522392337,26.1653921601084,ab,537,54,
226,58665.41439810023,ztfr,539.6308853600368,20.410114691466422,26.1610480547251,ab,537,54,
227,58665.41484950017,ztfr,538.6093059214737,21.361274226648558,26.1630128012881,ab,537,54,
228,58665.41530090012,ztfr,561.0217060716539,22.3465192025411,26.1632448747917,ab,537,54,
229,58665.41576390015,ztfr,581.0761617596355,21.949979619400402,26.1598543534318,ab,537,54,
230,58665.416215300094,ztfr,539.3369006720658,22.396248723106957,26.1658978201869,ab,537,54,
231,58665.41666670004,ztfr,512.721161160319,21.16382628270512,26.1607323765927,ab,537,54,
232,58665.417118099984,ztfr,552.9295471285276,22.305129480768453,26.1610380971489,ab,537,54,
233,58665.41756939981,ztfr,520.091527453386,23.98425881858259,26.1561086156877,ab,537,54,
234,58665.41802080022,ztfr,558.5735353497021,23.137835704599947,26.1593354946174,ab,537,54,
235,58665.41847220017,ztfr,570.889376093766,22.05937495467875,26.1568186042687,ab,537,54,
236,58665.41892360011,ztfr,560.5072599349514,21.166290099809068,26.1608788191111,ab,537,54,
237,58666.281134299934,ztfr,516.713877933045,20.691210435628644,26.1801805655986,ab,537,54,
238,58666.28158560023,ztfr,540.0655309143636,19.30961542248615,26.1831136708738,ab,537,54,
239,58666.335810199846,ztfr,559.2740073627646,18.221693460643632,26.1880331021014,ab,537,54,
240,58666.33626159979,ztfr,533.9929163744879,18.116376274327322,26.1891795152257,ab,537,54,
241,58666.4832870001,ztfg,210.80736256461884,77.01455354263013,26.0306372873013,ab,537,54,
242,58667.23497689981,ztfr,547.216712387212,23.249994561351556,26.1782291627779,ab,537,54,
243,58667.2354282001,ztfr,585.4982153262017,21.308795987898012,26.1738789141014,ab,537,54,
244,58667.244259300176,ztfr,531.1168565404882,20.469837595429286,26.1876698024306,ab,537,54,
245,58667.24664349994,ztfr,564.961902214153,26.491344113813735,26.1830219071643,ab,537,54,
246,58667.2528241002,ztfr,510.2692497938408,21.290245456769018,26.1818205552271,ab,537,54,
247,58667.263807899784,ztfr,527.2082451643112,20.890205583909005,26.1857433921493,ab,537,54,
248,58667.264942099806,ztfr,565.6221948078268,22.16552189192175,26.1851620814461,ab,537,54,
249,58667.265856499784,ztfr,524.8437720730398,20.469223305598028,26.1788615893688,ab,537,54,
250,58667.26681709988,ztfr,505.21949297286073,18.76058358984308,26.1853706916571,ab,537,54,
251,58667.2725463002,ztfr,583.2700701317735,23.742343816180913,26.1755678518963,ab,537,54,
252,58667.296203699894,ztfr,545.6866616460458,24.30093487376024,26.1753528479142,ab,537,54,
253,58667.29665509984,ztfr,544.3446969722041,24.762492470885448,26.1789240794477,ab,537,54,
254,58668.21493060002,ztfr,548.0300098546985,19.88519385362744,26.1643115041833,ab,537,54,
255,58668.21538189985,ztfr,491.9661609174826,20.54812514585156,26.168588632542,ab,537,54,
256,58668.22924769996,ztfr,530.7918660239875,19.64566007647709,26.1759791450875,ab,537,54,
257,58668.23225690005,ztfr,496.7648056189378,21.720024688182544,26.1814689202128,ab,537,54,
258,58668.24834490009,ztfr,521.9109346579335,19.175882137115963,26.1726464574246,ab,537,54,
259,58668.25112270005,ztfr,528.9692883313642,18.16013137363422,26.1743365797257,ab,537,54,
260,58668.257986099925,ztfr,546.9868866217646,20.13058232202502,26.1793359407152,ab,537,54,
261,58668.26078699995,ztfr,497.57163727415605,18.669457470174795,26.1830013490385,ab,537,54,
262,58668.26479170006,ztfr,532.6576517407107,19.613364866691487,26.1740920679667,ab,537,54,
263,58668.26586809987,ztfr,538.6813410724295,20.539843595879415,26.1860211586765,ab,537,54,
264,58668.270960600115,ztfr,525.3733334002891,21.54872294258315,26.181117143085,ab,537,54,
265,58668.27141200006,ztfr,533.5918123926286,24.439636163578975,26.1747746807221,ab,537,54,
266,58669.211331000086,ztfr,534.2148468076696,24.098936263279917,26.1511563660844,ab,537,54,
267,58669.21178240003,ztfr,495.17352742187376,22.94860396184722,26.1491509059351,ab,537,54,
268,58669.22472220007,ztfr,485.35223372038655,21.405043241496564,26.1668309687871,ab,537,54,
269,58669.22688659979,ztfr,467.05122017694345,22.575937213210718,26.1664999913205,ab,537,54,
270,58669.228379600216,ztfr,500.249756421697,22.679630456963352,26.1719129295863,ab,537,54,
271,58669.243564799894,ztfr,532.0234042856522,21.942331676732998,26.1692449674219,ab,537,54,
272,58669.25,ztfr,533.3642389873361,22.027678141781934,26.1738702317347,ab,537,54,
273,58669.255590300076,ztfr,500.970423501299,20.907402499834138,26.1747641164953,ab,537,54,
274,58669.2600579001,ztfr,465.6920550992461,21.612943356119626,26.1784578136883,ab,537,54,
275,58669.260509300046,ztfr,506.0459917182458,21.036441306260947,26.1731833816696,ab,537,54,
276,58669.275902799796,ztfr,482.0499997601728,25.19320526138094,26.1751494055263,ab,537,54,
277,58669.27635420021,ztfr,530.0835138891649,24.535776839829037,26.1722547084049,ab,537,54,
278,58669.332638899796,ztfr,504.15880956232854,18.388810613473073,26.1771729616872,ab,537,54,
279,58670.2120254999,ztfr,471.00802176209874,37.115884556938646,26.1302107847366,ab,537,54,
280,58670.21247689985,ztfr,489.3445226640853,33.71842054568661,26.1291956431927,ab,537,54,
281,58670.228356500156,ztfr,506.7899904060085,22.717485016186483,26.1493067022264,ab,537,54,
282,58670.2306597,ztfr,498.5425607510355,26.034489288977028,26.1498507707886,ab,537,54,
283,58670.2390509001,ztfr,471.7571866675001,26.583004764400467,26.1456473975077,ab,537,54,
284,58670.24239580007,ztfr,505.2338381681823,43.31382766362636,26.1362162517497,ab,537,54,
285,58670.24284720002,ztfr,459.0295252170237,75.29574029134926,26.1021509100024,ab,537,54,
286,58670.24787040008,ztfr,519.5925538693789,22.716278575693103,26.1493037611575,ab,537,54,
287,58670.252210599836,ztfr,492.74035677989536,20.17940462343784,26.1626853562848,ab,537,54,
288,58670.25415509986,ztfr,491.10066990766825,21.770547493105948,26.1540399403765,ab,537,54,
289,58670.25805559987,ztfr,520.5669852623495,22.64859882009665,26.155006588852,ab,537,54,
290,58670.2672569002,ztfr,471.73403118698474,20.527253974064646,26.1653672567523,ab,537,54,
291,58670.26770830015,ztfr,476.21753991889256,20.903262570386392,26.1601117102781,ab,537,54,
292,58671.21481479984,ztfr,457.9616362907603,30.704336424809476,26.1597967974615,ab,537,54,
293,58671.21526619978,ztfr,447.8270400739167,28.242438008141924,26.1602975203284,ab,537,54,
294,58671.2209954001,ztfr,432.35168863247736,30.47957029701601,26.1514945022427,ab,537,54,
295,58671.22690969985,ztfr,463.8072734679115,25.6139079243677,26.1710698684772,ab,537,54,
296,58671.22973380005,ztfr,450.24147323466104,24.335090064092007,26.1771996766009,ab,537,54,
297,58671.23311340017,ztfr,477.40698861249217,25.610465292664752,26.1709313473167,ab,537,54,
298,58671.23356480012,ztfr,505.07151444378485,22.082668063969194,26.1743039738401,ab,537,54,
299,58671.25285879988,ztfr,448.82521036734386,18.483076825281127,26.1757013956423,ab,537,54,
300,58671.25710650021,ztfr,477.15327647856975,19.349608500144832,26.1698799163783,ab,537,54,
301,58671.26128470013,ztfr,460.3502209102213,19.276856770436652,26.17419526405,ab,537,54,
302,58671.2749073999,ztfr,359.379106008014,19.143636732801355,25.9508924968994,ab,537,54,
303,58671.275358799845,ztfr,353.01882512206726,19.349754946180443,25.8540926994008,ab,537,54,
304,58672.23938659998,ztfr,454.3346072474442,18.637028735072075,26.1473076393586,ab,537,54,
305,58672.23983799992,ztfr,462.8745919890319,18.11248395519724,26.1478371319476,ab,537,54,
306,58672.257083300035,ztfr,478.29550109784833,19.91201995365427,26.1376266825646,ab,537,54,
307,58672.262928199954,ztfr,429.6374663336951,18.79590257756088,26.1488548997974,ab,537,54,
308,58672.26554400008,ztfr,452.63555608280916,17.899612707373002,26.1510500231694,ab,537,54,
309,58672.268067100085,ztfr,476.32967086548183,18.813196171696088,26.1499948313413,ab,537,54,
310,58672.27791670011,ztfr,415.4400191834785,20.364713538462365,26.1464281260509,ab,537,54,
311,58672.2841897998,ztfr,418.91894486649073,19.78532081752279,26.1481361012743,ab,537,54,
312,58672.28938659979,ztfr,477.65260567167115,18.28301699338703,26.1507661443244,ab,537,54,
313,58672.2898380002,ztfr,439.11658239511183,18.043870006999942,26.1522661177315,ab,537,54,
314,58672.33283559978,ztfg,172.89177581992513,12.527962550544673,26.1868758090135,ab,537,54,
315,58673.231678199954,ztfr,419.6501043518353,21.043007027565015,26.1805618671764,ab,537,54,
316,58673.2321295999,ztfr,454.70282993827925,18.56706902678689,26.1751183794318,ab,537,54,
317,58673.24516199995,ztfr,467.62336250376,19.746367004578065,26.1777005665039,ab,537,54,
318,58673.256435200106,ztfr,404.54704878593844,20.804242336911546,26.1763236828953,ab,537,54,
319,58673.26124999998,ztfr,470.75153154346106,20.35638429762331,26.1869134746189,ab,537,54,
320,58673.26740740007,ztfr,428.4067600064054,20.236354950838436,26.1799192008495,ab,537,54,
321,58673.270416699816,ztfr,431.90289698470565,20.82584301545518,26.1776169425844,ab,537,54,
322,58673.27229169989,ztfr,407.75846602619026,19.456340977948344,26.1781359219164,ab,537,54,
323,58673.2799769002,ztfr,457.20527748111516,22.153411137968394,26.1769291123104,ab,537,54,
324,58673.28406250011,ztfr,427.80927865393494,21.541751947524332,26.1809272037241,ab,537,54,
325,58673.293877299875,ztfr,442.89715747645323,23.524635771958216,26.1820165758373,ab,537,54,
326,58673.29432869982,ztfr,412.034877829703,23.226634679885112,26.1765316609348,ab,537,54,
327,58674.23093750002,ztfr,455.8007386048476,23.62587985426435,26.1718295525645,ab,537,54,
328,58674.23138889996,ztfr,459.44801190389063,22.61937381060628,26.1680998404333,ab,537,54,
329,58674.254756900016,ztfr,436.39371723970214,23.67314702672744,26.1742276146216,ab,537,54,
330,58674.25630789995,ztfr,419.71748283642745,23.69630902962262,26.1753624591765,ab,537,54,
331,58674.25783560006,ztfr,420.88117334581887,22.667099796469987,26.1706566977628,ab,537,54,
332,58674.28160879994,ztfr,436.5065681171699,25.344263219364457,26.1774715540395,ab,537,54,
333,58674.28206019988,ztfr,412.9637688147784,24.25328943084245,26.1740859691825,ab,537,54,
334,58675.290960600134,ztfr,396.24723543133155,26.680955015341848,26.1631508948582,ab,537,54,
335,58677.25415509986,ztfr,295.54462731712425,35.93741320336083,26.1622059399319,ab,537,54,
336,58678.2146528,ztfr,352.3520861477888,35.03760198224339,26.1841411572115,ab,537,54,
337,58678.21555559989,ztfr,350.26995163117834,34.08167782346533,26.1729479395928,ab,537,54,
338,58678.29067130014,ztfg,102.6482007647131,52.46026436426187,26.2329491021029,ab,537,54,
339,58678.298738399986,ztfg,142.80679848987964,49.65141868247481,26.2327312644258,ab,537,54,
340,58679.24798610015,ztfr,314.03398567697616,45.08835806165651,26.188545250176,ab,537,54,
341,58679.274178199936,ztfg,88.96959875390522,70.05426876577717,26.238826627625,ab,537,54,
342,58680.22241900023,ztfg,71.21216259904293,89.8807110724821,26.2203346615911,ab,537,54,
343,58680.27442129981,ztfr,296.370346311781,53.9253452894315,26.1876132233964,ab,537,54,
344,58681.27344910009,ztfr,257.0466289654354,60.85114865589103,26.1911207786511,ab,537,54,
345,58681.27575229993,ztfr,336.1805781795267,43.46919910435871,26.1990226962224,ab,537,54,
346,58682.22887729993,ztfg,86.7600426789696,41.182489322251236,26.2285209180255,ab,537,54,
347,58682.268692099955,ztfr,242.5701203257778,33.34337941208011,26.1923756199362,ab,537,54,
348,58684.216296299826,ztfg,112.51906642471201,23.158181073461936,26.2121162762218,ab,537,54,
349,58685.204351900145,ztfg,117.61259885942178,14.367533472411468,26.2066576092122,ab,537,54,
350,58685.205266200006,ztfg,83.86457212016629,14.81320731970566,26.2027061966572,ab,537,54,
351,58685.22495369986,ztfr,275.5112126145262,18.015837209892535,26.1761112113134,ab,537,54,
352,58685.2254050998,ztfr,265.3443169399372,18.681058356889157,26.1710395527786,ab,537,54,
353,58685.24305560021,ztfr,233.54627709729672,20.012176465013642,26.1744206433196,ab,537,54,
354,58685.25827550003,ztfr,243.4770035840111,23.952856273544988,26.1771076689811,ab,537,54,
355,58685.27478010021,ztfr,223.3924015211416,22.228922001636345,26.1698505993848,ab,537,54,
356,58685.27521990007,ztfr,225.93429181309486,20.97028946373439,26.1707098748991,ab,537,54,
357,58685.3197337999,ztfr,239.3128508592916,30.06448103215226,26.1685621863527,ab,537,54,
358,58685.33245369978,ztfr,249.557214830259,31.83176708531052,26.1731407826243,ab,537,54,
359,58686.20762730017,ztfg,115.57315332100885,18.051161454059287,26.1530522711592,ab,537,54,
360,58686.308634299785,ztfr,261.83423801454853,21.3694460993976,26.1461869216,ab,537,54,
361,58690.34055559989,ztfr,206.64090423482943,17.2104308918652,26.0688419331936,ab,537,54,
362,58691.18932869984,ztfr,213.8317082309399,17.475842909904248,26.1161453642265,ab,537,54,
363,58691.19391199993,ztfr,196.78702282934827,18.99276900517402,26.1253026575821,ab,537,54,
364,58692.32319439994,ztfr,190.53721813348795,19.765708545437793,26.1239319995725,ab,537,54,
365,58693.2115162001,ztfr,144.70067632991373,22.35252055569031,25.7868966175637,ab,537,54,
366,58693.25331019983,ztfg,92.44937066519223,17.265983585206442,26.1951087731532,ab,537,54,
367,58694.19209490018,ztfr,166.1974086739778,17.470574518252707,26.1673956205346,ab,537,54,
368,58694.19299770007,ztfr,159.60475891755985,21.04048256987121,26.167223465189,ab,537,54,
369,58694.23224540008,ztfr,152.2226050605678,25.123548429706204,26.1224722878798,ab,537,54,
370,58694.23269680003,ztfr,182.02239197926247,19.219392398187225,26.1613928505077,ab,537,54,
371,58694.28596059978,ztfr,160.59135069751667,19.5952355945302,26.1064961788259,ab,537,54,
372,58694.28642359981,ztfr,175.94182466831916,16.862779081766504,25.9940292992612,ab,537,54,
373,58694.30319439992,ztfg,88.10123818853617,16.5053161767635,26.0868824975209,ab,537,54,
